348725
447364
220263
136415
776675
759488
957783
163965
244353
171425
679582
375638
424306
135194
197582
658137
459123
700755
485200
920394
294174
432556
816014
204958
920544
329046
490814
595213
976951
690991
824930
587990
253801
641307
689672
792704
709434
798755
332733
613262
566371
808552
166025
672673
544461
845839
376862
614639
816821
108737
355378
204488
521110
501721
957160
632757
814596
737258
908002
160362
790115
353244
635577
829351
737971
464090
965130
808088
429549
858972
222285
214646
573959
379879
299017
532789
487873
267319
644044
849827
432826
518863
549758
917204
642903
573405
464365
346779
171928
409934
397920
506330
786198
839368
502336
277883
118290
714299
992192
157669
177128
841473
935821
289006
658501
789837
831989
483826
741285
303181
174534
899756
969434
732211
295514
264643
563938
165610
266026
754391
100491
185762
986360
278649
798713
876655
668341
340018
871765
639314
583666
182494
941128
766536
186263
714557
964163
156879
618486
947496
159246
973622
743336
677386
256773
567805
325194
683514
978234
464560
568234
753356
835985
797009
380388
982189
397408
274080
593699
200661
736518
792630
969141
684656
958979
940673
209852
683897
285557
707937
795517
477614
568665
229051
947954
884244
920673
349826
981930
584566
390339
478723
670060
545206
914094
572806
315011
750352
593426
166286
197451
334788
180161
370547
420596
625853
170728
240664
744903
970862
711727
271236
140029
168637
342283
368146
801404
826099
448561
701276
956421
705893
688641
754867
650669
846132
153129
613907
954437
352019
389563
416971
350367
879191
185528
757210
946489
215264
555753
657402
414661
593190
950546
268522
883692
609926
521925
740678
683152
742346
800709
964738
986497
810548
859098
259060
793892
283239
956135
510715
876045
172160
872976
218062
386762
327852
670344
182673
239562
896434
369728
898899
558364
521321
587695
744232
638506
329409
465477
407898
627697
877138
748509
254028
330127
154228
716764
179286
390137
261143
347571
992964
111122
579450
649243
447683
452599
839728
159242
432109
747118
581558
786388
550763
961601
334377
584810
314088
154364
426520
402382
925781
827639
254853
511735
406889
247308
576681
366531
173641
907977
489952
680587
374609
404146
335291
185998
813584
145652
398031
150619
443214
620338
143621
483004
992113
647093
520929
866681
127632
574064
808287
640821
367307
496058
207335
846034
691285
676939
695358
976804
224191
522111
672923
228793
566598
875528
538507
930440
978313
749062
156453
531612
438119
716620
289579
825879
508287
215442
765357
482810
550745
361731
981707
873648
467137
262420
641325
679214
642839
712583
761822
534657
900208
424119
503738
702914
181365
696923
471289
636200
304568
460732
362715
943208
666233
190957
722591
806379
953697
324824
996951
434099
956552
318337
238203
472786
219213
696046
485496
265662
923127
754559
134734
814493
311013
584277
894724
841934
228408
979081
698554
928850
901324
242145
123884
612744
496836
607565
258045
317766
495304
185448
269540
848210
451825
568414
585379
482493
741121
900046
579685
216592
531976
249211
149445
963408
249666
703378
834470
391196
523987
780841
143909
563451
661633
152411
353317
488819
469784
591283
644171
559862
624205
295745
797050
547189
170580
739055
752235
516883
123399
911799
868313
600321
646392
628874
639933
817705
136324
886133
353305
722824
947906
597571
561919
603901
739347
404440
449783
542730
642170
127665
884339
780314
751468
751986
193524
918174
968408
218980
473747
900377
165052
777451
604469
823776
465298
749803
381191
689440
970689
701831
354263
244740
200488
610097
178262
218211
578823
749784
153201
568218
625840
358469
246054
469910
490071
511993
316973
917767
809408
425964
951871
305851
987655
216782
205496
745671
555934
629929
406644
144877
105126
554816
883584
870281
426954
778785
697701
236364
394724
569303
691897
840458
974613
935067
769029
290821
417022
809401
152397
173187
788462
450665
776358
640857
596983
194904
586259
142099
993475
257627
601017
961837
577021
162164
836877
111217
132692
276228
950091
708217
805227
108446
497903
853738
774255
513568
882040
894375
338378
406963
604535
216239
773563
842801
492629
992527
874611
593553
293501
401223
967343
527222
383270
926984
297732
283952
206218
214408
157934
250025
995229
763247
317114
107386
515847
397179
375172
325187
817997
691728
605617
644995
956936
731718
798745
963246
304316
279937
584301
749422
599597
625492
894444
570029
288424
971997
169602
539001
174520
293487
724437
384070
477272
411088
138409
357354
823737
698368
789484
123876
240335
397837
760630
651029
442759
872029
518839
310782
754921
540515
691271
998908
299706
652850
376451
681111
757851
345393
829917
797333
964623
936595
173865
973660
904321
886762
174123
656223
122188
222732
321109
638001
950752
886471
313517
378582
737921
940731
410615
916512
837779
132197
374682
611824
785399
760866
475147
411847
332850
578917
209820
326080
195297
179889
623985
518438
351269
376329
457230
369505
577221
895200
409403
669168
490114
704711
779241
654469
520479
403161
566685
646435
710051
408947
107205
668782
382052
717302
753926
273101
858324
431929
945394
427296
110486
277138
265538
327791
152059
372348
654593
817219
579783
413186
750377
300693
528422
314282
816945
793503
180775
361500
639748
309160
873917
461976
107779
505531
121609
540257
131546
552132
362074
650956
536002
613276
428866
968788
219770
994922
536696
478422
136154
343153
115323
112892
423831
417267
471944
230389
200872
413393
552264
722732
700624
299593
563204
139171
180242
977603
458095
220468
149081
616385
166041
759316
897396
680890
461260
843904
456810
235647
871678
803817
267398
171277
401362
767404
984714
144882
908789
648799
838042
891853
964963
945742
824689
627494
429071
720623
204151
250591
483373
588570
703503
472950
909738
621026
867742
229054
232987
298141
692518
913996
640069
627430
372604
286988
922414
394872
313742
147755
269491
824297
736349
469892
323705
898002
798832
948386
758525
252753
803616
415647
553420
810522
617043
183565
445723
365568
479331
146871
380161
327936
529703
704903
703486
339504
562270
496941
664265
280295
757525
167655
770581
706644
384617
967448
938309
515656
728297
275836
350651
622134
330723
659290
372093
564492
175390
745407
380463
927540
883134
388777
959556
458324
640517
481410
436796
668736
303501
835524
849382
211862
107553
744169
110614
487249
691410
905672
440977
240440
187051
213299
197879
493111
983177
191240
467974
118413
409757
221376
593644
444598
491633
155478
410880
132505
228163
985283
882248
513954
551356
519933
158451
685925
533026
317886
220463
370710
571362
450711
466365
399060
912607
384366
974617
386934
174372
875932
377617
883413
652059
662269
434410
675933
198744
166677
865611
951580
341621
726888
907437
223350
899831
436221
420243
410178
967770
816921
616098
701872
352799
747985
582695
670318
990139
766040
954902
243927
522924
723790
320433
880536
511624
624616
576833
916193
940566
731271
436498
791388
662563
910182
359858
990974
537434
962542
894653
102688
630431
830789
510410
604927
352598
182917
197400
358621
997093
876764
777938
781383
483599
126707
915195
134251
562837
765136
974683
827840
707684
136170
408852
967409
600978
449478
954921
467103
484382
621167
241889
788120
257179
860210
172195
791706
700690
808863
836804
501769
646293
719029
793176
868367
236841
947542
190304
362219
111481
501386
601326
497391
305532
794321
154218
954934
407098
732325
258925
215996
261574
185706
903392
761814
203553
209173
406793
630070
532485
387724
245457
447124
888297
110418
560556
726808
332006
198580
531976
651696
648678
694032
101405
144313
454445
729479
585296
567834
345875
379341
604634
233577
547126
985543
125116
459409
480802
267389
286261
847743
655147
541534
219009
546595
729062
610986
813674
149126
652527
281878
890143
753901
895484
524521
620850
525635
872841
109538
171816
908172
329714
602315
221788
751976
463689
324894
152493
996341
823298
864148
945804
697076
675021
912783
528231
217275
660615
703795
780589
645999
191464
861282
948962
886217
569276
337098
901079
225393
634810
276498
800881
374996
242352
215075
853130
373835
594363
459163
639152
598407
890976
775836
231898
581308
974877
488031
263487
709917
823703
853565
517252
652624
241318
602377
933877
498951
800012
336650
932235
836199
716012
153237
405309
676382
518059
278283
334656
767646
221935
349098
997879
638614
472981
139233
257049
849742
899485
811920
376137
677315
293128
553896
514923
820812
788485
858631
158796
109876
989452
210960
299374
337087
900599
317865
800541
113512
515348
755615
896105
715876
342043
483730
475955
363551
647363
116384
491406
906511
295957
963912
603762
555402
635518
364057
479263
138975
292450
167034
591294
455299
275168
828270
649445
236700
144607
262710
926668
931140
240778
827077
116821
900578
535965
532678
427993
453011
546643
182572
345878
610144
778934
998462
971941
303495
309969
204773
349895
813409
667064
977838
390424
237246
630966
570809
309842
264962
295619
815323
567692
320166
928364
619564
926536
326912
990357
551860
176487
704378
352065
881794
843764
492859
692137
634209
883611
900773
570204
403107
174672
701144
763908
820596
345344
706017
481014
481812
256599
187506
175942
345402
336905
118235
235593
617140
538875
866475
283080
167975
507843
853701
150617
305878
366524
933423
277721
612798
177777
822474
835620
242830
682765
787631
254690
136707
732073
407466
104896
832751
855911
523229
182267
566739
711534
642184
723849
460037
704180
198613
218958
203445
169059
408918
692675
496601
271954
371045
648938
301274
972233
587025
939807
577622
665417
150253
876958
635207
985648
562564
720566
424947
968136
808309
678989
265017
482228
528176
459869
112338
710306
557413
115541
866598
580846
669054
817003
290118
552781
432372
268442
989498
288647
614214
744439
589556
870023
209571
904717
583196
773552
269182
367741
601985
369712
317656
909385
234100
258804
548930
787723
813137
891020
445903
852934
172364
714838
772391
714478
551600
659521
292703
719586
770960
675824
546691
656526
140451
370526
996148
410071
266883
603368
973553
237506
165958
595272
450641
943227
760523
332697
988289
188691
687145
208101
587040
649457
609676
492211
175134
634273
786170
744388
347265
122258
450825
358906
393770
674567
683206
374288
560372
242502
529426
790864
900159
253074
368358
110240
640960
178000
170960
947115
356134
256400
896888
650654
523007
529411
150098
697461
433120
170333
867043
320722
398497
499634
109783
662979
486694
483221
299176
608661
703560
411790
773907
165665
901255
725168
464981
808537
131567
689726
646913
827793
872966
172832
804364
321849
372996
442211
888666
462794
396070
786133
842799
366207
187897
378733
761632
580110
247808
750985
742982
875253
872913
228454
301813
658019
838934
419498
191727
240630
462199
850701
873098
911921
482788
360291
648701
921452
444932
914140
446592
865036
319618
679967
772002
465060
237932
456181
268322
448892
372371
883664
968960
630918
754243
218053
420926
366958
621797
376858
955600
531253
370625
903653
448195
189216
963604
231069
648988
502745
639856
909931
133722
580285
531766
637418
604461
450264
345455
559908
461979
763990
948388
457891
309536
471861
343146
546609
950498
539571
670946
721217
884057
897747
468113
846842
860155
676487
223214
847488
486135
303071
208678
780570
306007
689256
431107
962552
773489
216747
712631
227440
478811
698765
410337
989630
639060
511874
135653
878349
350841
376868
951643
746805
295884
129608
155417
587374
304347
326061
318248
459287
779280
339662
272320
795532
965094
291543
452381
303525
546057
459710
569639
564747
363005
205599
646304
195564
965522
967328
339943
432561
825883
204240
359230
939519
159794
242908
614126
758546
950436
168769
159223
486073
869658
377587
143567
239184
847814
884551
615928
865255
687865
890852
740436
168232
563199
406404
982757
627685
200195
926633
928395
551369
187122
699130
420167
322011
853631
287980
823046
750381
914532
309214
832643
372446
204590
948143
964951
599633
636002
107359
824854
982838
728680
568177
240174
656172
747031
717768
734563
745905
111706
787699
874070
592286
394098
463527
586937
446827
922046
539186
105769
868203
589548
327142
606725
961838
394758
471890
567251
208230
895212
908229
566438
120681
524783
140533
945874
319459
234504
542248
880369
296930
173772
500169
898145
184381
871184
284251
523082
207507
928706
759213
568608
764141
867053
970476
742183
872136
328787
176164
482098
216497
203499
891109
990922
961375
883679
310726
461608
472088
133467
623023
364618
967029
667785
701077
969502
120725
317737
664019
591696
783555
980531
450029
672700
919751
183913
713336
450381
684561
720851
291389
640659
627013
864482
541652
574315
738712
536500
479930
166740
632266
471365
523299
770955
254418
438097
302892
897312
345989
817578
227628
951255
912726
647290
596743
417743
755224
259916
535948
507989
510646
763457
532491
166332
745963
938461
529713
243559
717226
791171
876335
402944
257135
395833
621950
586166
108216
681254
816684
863909
310014
264447
615693
515026
165874
154002
537122
654108
842195
992092
606630
132633
469097
307204
408471
125028
679795
453728
561573
472161
206609
531394
442892
978888
176919
647846
963620
243997
315784
371308
214231
625764
946382
561619
477688
212930
168449
940363
467872
489409
841958
277453
984569
860051
407723
961879
974722
865229
946081
833407
228199
425026
429414
181231
819989
666369
665527
325928
479072
956558
920800
941385
881996
591975
438527
758842
780067
409484
582586
686325
771193
599317
853917
501071
820199
786401
324337
303178
115042
192618
841279
326625
520619
836490
925636
479404
462202
750705
858582
232848
203146
993092
830760
781075
511494
291080
956000
561674
564186
972957
172535
850997
413060
961042
542617
235973
912841
349422
493664
434868
118231
126401
944117
596861
330651
346796
584343
550812
971611
637850
631302
335814
496076
290995
472413
510251
757233
280976
729213
598303
774723
376551
822285
672387
979111
457731
394369
264155
678768
517348
539165
321882
472931
523225
928432
719575
686657
677043
827680
600114
639914
745355
355177
769782
928752
852837
732345
814843
278907
666407
297824
375713
718120
125001
380046
563362
421041
185520
617202
654689
274595
590757
544919
814396
589442
643991
911676
568875
475096
387724
309882
485076
663069
168567
543015
505057
427859
894550
261794
541947
483487
493226
705067
368411
239516
520894
606676
656544
824294
438990
778685
821204
321665
910908
831393
767791
845702
487582
440240
466808
907891
195466
617246
327559
511253
646359
415825
705664
551827
144692
663050
250242
172787
978194
772473
917143
522752
303306
319061
434334
633714
131503
736937
295913
899732
820792
578768
570354
840121
721822
719523
309146
969204
141937
327171
869680
612823
246267
745604
305335
212165
703047
971603
390344
915634
782240
132089
421451
999025
905682
458660
587675
161354
228815
805414
353281
616560
364880
263960
546727
611391
778951
548823
574288
945251
657258
730055
966147
534987
865160
344931
562071
951323
493766
119716
942384
693662
876511
112821
459360
965972
124340
932211
322465
298955
721897
998012
497342
483053
464458
143410
483148
820948
272215
579104
395442
702429
638677
446095
787178
219012
659511
646156
610846
800048
806806
403935
494549
412340
293220
686315
124418
892298
128761
937646
418239
302670
147343
588527
297273
509934
564629
726191
747832
399232
945707
379726
896975
820976
303407
194576
315815
344048
882496
332671
937222
840222
214546
869028
801481
280523
668196
157779
345086
943853
765680
909362
361013
627398
189796
198974
647785
550143
907081
421001
489689
173443
653652
178922
105808
258103
721937
986735
172446
348118
872240
245969
390574
697863
519932
562422
569788
936416
273459
172316
390017
495743
600134
131315
277323
679241
761273
408995
281381
945880
996382
221979
960643
519376
120626
699105
109981
647266
966445
241344
268010
103499
968981
782796
957760
940180
440828
771023
976369
646468
886121
836585
384173
318361
931554
571931
445528
338091
744563
503226
378363
663997
271702
257035
509717
148504
374354
852765
913572
777770
571961
181642
614651
323518
624931
325540
301601
802929
596994
312320
614541
363386
429189
690843
648448
847808
802311
840983
359529
539983
180658
637537
111560
203749
724837
890436
437329
760252
721502
918711
493528
129696
592060
889453
754606
367373
190338
547226
246399
918127
598173
947043
887560
894530
341283
399775
283569
846646
285024
126588
947826
279143
438630
423802
444748
425995
423678
828226
384087
756019
807486
563963
259561
640649
835332
208157
734383
204302
375370
391904
796552
614492
154464
153201
865868
689240
745938
955415
989423
470107
363785
989731
939147
318058
415306
756703
154047
923560
107596
867508
589441
744000
948335
328619
544846
323286
150954
936225
386330
720498
919151
849136
740402
832118
466854
745259
322631
712337
266536
942332
649901
856475
460321
947539
726737
799803
441137
599203
258783
687368
148260
300795
572838
666692
286611
428734
332260
244205
258818
498050
484168
207200
881591
818036
563603
726422
462453
656312
919536
861920
345908
823886
711228
806699
505696
709106
321214
422126
735620
789949
787414
662338
856382
256934
207870
652669
360657
996210
643232
367877
284655
569304
567105
622552
506530
262992
137851
670403
115573
415528
654125
392207
454846
532716
452404
230252
792831
640964
157391
415349
497180
334338
978653
258443
129527
250669
921457
497676
160141
314360
606375
569882
618618
914174
503537
339572
925598
549583
888328
317457
274214
964247
551095
825861
808214
540503
232133
220256
425358
413342
562479
319914
219428
324273
503390
653593
304128
877673
835331
253601
837093
297409
500727
596897
761398
490473
199784
713048
216216
442612
641423
456185
574363
728938
197915
802041
275476
445882
642205
111358
855660
489310
142616
445274
550816
156135
921924
103187
294369
129629
781457
669868
878658
262243
443373
433630
614214
620779
801842
144996
936571
896265
796833
339315
701383
294213
728066
267865
159726
786282
689659
837069
692578
794865
691921
101836
311905
647108
851782
591257
919525
476684
420580
272348
369639
203035
891262
826302
656748
231908
866604
350440
792689
947002
320774
363117
148746
510077
363693
790573
415010
754300
773333
558838
723340
203589
763186
116358
900466
750803
262904
412381
716804
270258
405308
128615
679676
912827
923867
397722
546267
790876
555134
449426
112220
939988
468324
687523
120640
249111
596125
118493
393872
942478
948605
884648
440931
981114
703665
107005
775681
855412
820042
114803
568351
407386
618295
859589
244890
177015
755839
646911
496339
151197
935137
161888
306189
432665
203541
898028
898031
704337
231497
684123
896801
226729
131667
362267
721036
610778
889235
203102
262951
934526
370513
471790
618995
596560
673837
559503
556639
593269
534586
844759
588530
570082
237676
859727
384711
180546
263190
343049
731786
324035
842091
992228
715944
926040
305144
139162
830250
119450
834067
928656
677503
427482
344670
139436
679800
290915
546543
889762
154592
787047
121907
864199
912208
202714
277756
213587
739139
204035
151450
469499
584593
760529
400633
140039
416753
899983
345603
358295
258883
512201
259120
719901
910176
659773
548707
757818
297103
245385
257608
663221
109962
945564
195545
164145
414608
934992
356633
435245
343944
556754
776751
234584
974925
651914
463689
430202
707622
369709
395677
158774
115103
417116
980098
136852
545806
475496
307289
358412
644728
635441
574433
422681
166649
301364
204607
395084
839804
801812
470452
606111
640496
231905
578190
180939
949876
193606
381478
899811
577513
538713
194292
620375
927149
314117
877858
151872
670834
449454
702794
495882
390669
496565
858866
213864
188663
340557
326839
925423
679613
111690
182422
145145
286949
242790
189359
293782
790587
452902
531471
574836
461894
577944
856117
289369
310610
182931
271871
246065
505335
371476
672231
972941
144207
189100
897638
208293
255289
577087
890063
960356
143088
713051
236464
487672
820127
860480
482082
908016
771299
301911
106632
335189
131256
403456
719939
547292
510530
229317
825241
540441
931232
779008
903676
378229
589417
541159
775390
425832
103878
839455
177015
153920
508552
364218
107899
948678
204621
546911
170986
550018
219863
489903
812600
981231
327236
113225
326174
529687
473354
219674
774920
674697
348185
691177
513782
470337
145139
729415
884396
690485
734501
247116
648136
140742
507231
362194
275096
244046
469777
115933
135381
941670
775839
270718
114431
820338
167486
688346
972637
910207
661553
694796
850098
509205
912191
638966
290326
532893
159271
666826
927298
233176
944061
267474
336377
498804
681856
136192
675303
527914
431798
910140
741375
634039
850127
881551
829279
826042
456948
270101
196585
461180
812843
766132
289742
686107
363963
276581
285319
763737
606269
189925
873004
667963
388895
990668
581921
537893
152167
969870
137470
894736
526612
623020
981547
468987
834267
806899
468920
845082
554568
688580
932592
460033
655161
122116
645624
299043
124766
912249
110805
964288
145844
156703
425497
114958
100011
327104
305970
707679
691127
656502
214370
513834
998042
789710
502771
880184
245300
596143
997839
510188
653505
161726
740342
771729
523493
864248
267328
245754
556011
723675
632097
305649
729751
813286
674754
362326
144622
416116
131841
622969
594510
395622
524735
909089
397060
759524
178150
999179
373269
301007
112654
213921
984150
508569
715306
612699
305647
949293
557939
105541
248636
655970
633505
374155
666993
405422
877494
197633
416647
920834
444051
985839
566034
189167
493066
524896
730149
326543
768430
329496
813860
215020
455917
438470
820082
517849
573415
282979
929269
902092
868395
530302
869620
892773
830625
262472
470044
632224
399246
481598
205801
601671
311885
856863
336949
849787
869236
188619
156410
674104
337361
784728
623275
766242
555243
219100
546309
211179
320269
813193
658162
539919
944262
620144
329711
255554
122176
620095
636448
574150
191979
655720
898663
159191
130293
830037
627100
385168
502153
719474
598740
761492
681282
606817
912701
413847
941159
365417
900562
560677
458330
391002
615940
215238
857448
865251
489320
976057
897582
294148
334285
274433
126664
587447
970150
826110
285887
680888
794364
814405
751711
841384
794466
220474
586756
353849
144830
940630
684457
145450
691881
765644
290360
292502
106951
714096
383302
104926
350176
678828
213582
999982
636371
583220
781751
597681
575086
285469
116943
592500
212444
709035
291571
479901
118639
135519
779683
574383
962663
469357
114118
793977
159839
220253
472661
759000
298577
643514
176490
612855
114023
162501
501480
355815
344629
276203
361854
725169
679221
537783
847803
417651
644054
905427
274551
576045
348206
733928
749891
805899
153232
769300
337302
171727
793857
201666
169234
241638
313370
995957
178060
229161
328677
130700
679739
882664
611840
319248
407107
676013
638813
970139
608311
913729
979013
669235
134284
203495
398581
611370
416042
645004
873353
695565
874845
811018
602063
444367
609632
810543
644031
438856
182250
795582
990224
813163
493276
278191
776131
639123
119488
315017
444065
571509
201052
291352
149073
835866
323204
751090
611395
255202
451683
171466
958794
539910
853035
756675
257517
285290
892414
851855
799635
183576
816306
858578
483170
546606
281088
382267
216477
918903
927069
650622
430484
353603
268230
131712
597347
561974
830821
953131
752669
874659
681612
475491
120832
966186
390487
665494
406341
858714
664489
172547
384815
267545
902468
126726
549147
435726
310845
430087
193682
279088
929238
884421
327866
183923
315095
688387
245333
979254
280622
711448
633940
229137
813808
938637
953251
155622
136365
729883
842779
463514
426975
716140
971544
535177
722584
185023
203074
631566
934269
698565
761620
739819
436733
975981
265541
813935
150569
897309
977578
152620
280370
201479
244266
474985
782039
427761
448120
507644
947483
861985
388380
177665
236175
230940
252154
991064
758237
778122
618838
142316
441878
234575
654997
994749
406766
234133
551642
833907
295192
308015
793678
839972
274172
478954
613332
278192
764570
664742
638165
446975
467343
899551
723466
285236
989064
162438
854196
623243
442241
597992
630168
732891
917113
777009
140607
503887
412407
288021
914033
210342
357942
898436
614627
546720
363390
963695
787130
476583
199685
592505
325174
730927
797386
164335
862139
109901
614370
713404
326107
514926
769060
570066
893378
682695
274594
242419
403832
922874
517523
788847
322285
800404
651578
592274
980427
777676
404209
545550
658705
314985
658291
245435
864015
421562
844270
953204
646039
705741
862291
927656
940538
358410
953868
960070
279763
722027
877554
483773
636787
753124
182985
543960
362751
506939
103863
738410
369652
575836
539220
310729
670626
516766
891145
755212
640707
714287
981808
328528
397690
560253
637255
217395
755318
660228
522989
157224
848204
405745
954481
319379
596255
680552
230622
871793
554824
471740
172144
790467
533105
713493
507924
425348
280156
703155
282578
577212
582958
277496
463778
251681
883585
380491
406927
468647
872246
366647
200020
623180
173350
403129
557397
579880
496671
153045
278082
619544
869033
621586
673273
861866
846682
168809
973385
670935
985444
993768
819551
242716
633449
627915
593271
158478
468677
292639
379297
193736
841535
707346
803470
588656
967789
107071
470317
757996
607903
695918
291713
525603
905794
694314
175143
555509
395272
418610
566869
532641
287782
558868
214209
366477
915701
847573
386926
812409
642946
442531
241482
512903
152373
793487
871435
706190
903448
603216
765914
606911
665667
411171
526405
458041
502783
676604
760764
846461
187830
326952
973487
926442
936240
169913
518928
212545
338217
665273
782738
503663
138489
748630
231093
261341
105386
137493
842800
701762
377661
871473
279083
431841
280654
156446
754243
903030
985436
464188
959641
314452
219668
184218
189528
701523
977567
234307
116465
795658
515609
791483
473270
625406
357504
931241
166162
787940
675092
311137
686667
287668
693421
961305
957410
575909
384785
351001
753525
467007
366105
835035
995551
820896
301121
974152
497790
799236
942705
739684
952298
372538
220544
135245
335697
656879
652543
126592
554130
614254
651992
618011
430529
521456
625067
367205
400077
105834
177962
209159
212798
839109
657043
534816
144551
958755
797728
990291
603242
494534
498306
683130
434187
572434
344769
938148
868943
592753
474649
623876
520869
832455
237595
530178
611292
502727
293654
566633
286253
430313
796576
968645
577926
256061
943916
921883
762956
452737
461443
491838
518913
103362
689496
274598
465733
212387
538210
156320
220974
399394
731196
802702
199270
205157
251443
335221
167635
749329
718346
451023
928548
561510
674835
751722
350992
966337
881662
668234
285506
366544
166249
488077
899989
740593
649641
829630
804533
856383
383060
173966
374961
257889
187649
757859
864458
112334
128433
304204
737294
464227
780916
762877
745397
370472
441557
477120
432722
469032
551546
550505
805607
282332
557708
692458
449737
999221
514649
814914
614296
244903
986635
571292
672573
234065
714115
595903
889664
541227
406423
594363
614155
652402
157192
535906
178863
704292
118981
121355
918577
376657
712597
190273
232822
971554
359414
566445
389625
660338
247011
670635
793816
434325
615040
401218
662218
263452
661404
392036
234848
922153
708732
940028
665560
289035
533465
136895
311212
162272
888028
556381
635670
824928
524712
743834
529019
968093
936848
593459
613902
524589
425520
119965
608708
595135
947003
584987
999269
913510
139639
184432
758935
369790
174390
745163
359875
575917
228620
130027
751347
217869
503548
705401
837707
150946
225250
967615
594499
873740
221729
737871
379514
706234
489204
417958
227289
385084
794487
925624
764602
930898
102761
654681
142208
787166
259480
384351
665901
731389
607004
890963
827747
540221
219097
351190
760284
669273
685466
103429
569017
657872
579738
229214
936392
248863
185979
452271
301293
596396
372968
636713
656828
684140
499779
549728
896714
623117
859618
801932
361511
501795
421374
261733
905541
910330
515983
198746
500986
504086
402046
207958
786922
504609
298491
378794
983301
831795
350958
991691
859898
453715
402657
430892
900753
759614
243415
241420
410687
154496
269754
409721
302690
233483
945882
753968
371349
639367
169109
968887
638849
591388
986147
863480
227698
887750
778180
669949
763436
854659
422726
976009
484998
721099
327876
927668
334072
891545
995980
726596
447219
286385
202174
303856
618458
680636
446919
163156
715588
445407
820292
426101
321710
781197
474456
648227
479423
129607
475251
176151
534012
467293
711250
198534
126955
532874
347986
742941
435955
113671
804568
991021
673312
201608
598963
329363
518231
255682
843835
817760
149588
436072
813703
214628
745134
106765
575673
161827
307464
907064
955845
714359
858803
740531
190722
963374
150418
834299
155297
450319
598245
357236
371359
817846
158626
826095
168133
699570
957973
685123
471288
248492
209989
964239
314096
529109
299629
932290
366092
191219
335413
152572
919408
212706
790658
363775
760850
241894
544321
980365
996743
402079
464128
428892
714587
759455
173881
876409
512728
410959
594021
815946
670124
612459
122373
663843
175174
377841
776185
898691
338036
252708
478754
750653
708724
326373
574313
849292
297003
129226
831920
837292
168455
618741
552057
487675
795091
606101
543920
177093
140190
581005
142783
700497
841475
166045
305450
106461
650092
491486
504680
777730
448647
156669
856085
183312
193055
716637
362454
915902
217798
547747
650797
147395
368379
303547
692066
504042
611467
112467
433735
381367
268350
548203
319547
823653
396378
490884
197968
514973
214591
659277
179317
669607
395624
577742
702418
254589
967462
273963
353843
663460
904294
614980
622904
981635
446645
937049
384547
680848
240516
572925
798598
415610
714254
784879
685175
790655
100184
504972
853433
389453
224289
882240
859040
191143
863522
492693
671930
811811
858787
566932
841543
309875
694379
485757
432558
610202
623496
481023
910500
131985
967731
881714
105000
166847
788878
659631
147691
928332
969803
606361
190713
644999
102389
335407
924886
368934
208615
160189
124721
562791
917462
452708
878972
667868
356741
421578
417337
576827
469811
330183
291433
505673
424017
770073
594096
470383
939653
392141
929118
857928
661131
605028
189165
711021
219992
594066
251263
519298
994259
425521
583153
440758
727771
906807
790288
139246
717128
731433
334544
297750
876331
805696
688567
525541
737842
652529
471590
500782
283374
168963
755576
808981
229695
486203
326009
496780
144889
551541
770566
258749
530815
531889
777679
853864
878051
205042
671371
298957
408360
314082
796330
329541
507813
471766
184365
230396
521229
357340
432144
115859
308360
733346
339240
414812
669396
278285
889803
289332
139510
416331
831197
726947
474436
218030
249800
549938
732822
325219
359973
562119
818403
620008
229013
486947
932087
215362
951054
749984
918241
903954
373655
211294
193237
803786
316700
554332
208234
252992
635862
494331
520808
480756
542011
390177
606963
635950
841308
993436
920057
716930
792708
281273
302369
110907
722591
362704
729030
815960
206062
168067
100470
970523
521740
986500
749376
522351
273084
750497
958051
713012
312533
107333
924502
333355
579596
216493
147679
573371
729090
263366
386231
672455
557526
169553
935923
626797
313984
207051
953457
251396
924126
457344
457339
643476
340349
648633
716399
696554
407931
862250
827894
653071
845273
487293
536940
143151
215213
553707
609015
619113
163217
612655
857721
426686
346017
268062
551522
205098
611813
110363
460834
425982
877051
984773
491959
205538
549030
882414
220997
706052
175451
168609
813121
967270
292639
538846
756975
629239
619466
131790
687959
993702
165974
597725
909847
944352
723593
159422
667174
802635
859149
310287
807321
266827
129403
586019
698701
722287
385893
356846
138868
785442
802610
355396
475587
838927
482450
305572
985277
418789
584709
358105
255369
550965
866772
766268
673005
927464
775731
305234
113301
211138
805048
503575
179461
296114
315606
499119
665332
860279
602359
353874
856236
681331
211443
306685
369052
267948
688111
970571
563430
936377
401389
580491
960766
419673
999439
766780
526519
280035
105710
207836
152039
653811
354026
502287
779174
410011
820070
874465
380630
904131
682892
161365
299804
485415
810459
260087
824142
144694
414633
814277
412021
531707
609075
269808
275648
390583
437141
575308
248307
409453
687116
916163
711123
607235
631962
371734
355682
313789
517927
729879
508798
715837
280251
990023
744618
435229
735148
607733
387986
617438
682646
919821
595963
373993
917919
364450
914449
128525
227326
508057
824594
290341
546795
847767
630997
244885
575900
402503
677654
897549
826690
997745
770935
892406
891687
139913
536555
121006
143288
217999
656895
446090
161865
781974
741047
839912
975024
571441
381692
606801
466342
517796
940410
810954
382049
513044
373317
699136
749656
509918
118745
264816
842265
553292
704617
418432
420125
251831
516444
159995
278732
541741
893518
926180
846868
565227
494742
876812
566898
421851
567201
174583
689883
766281
582241
960443
674911
193427
998301
841106
138696
264322
237040
935768
436576
263862
428995
168989
381263
798016
354407
292966
383699
762176
483002
342441
430373
775006
814534
756034
610674
827225
576517
401816
635348
960361
744474
361617
946638
270219
994473
669823
220546
593035
510421
286801
655344
159004
514621
498244
451419
604006
183158
729315
277922
255229
673584
516390
327522
518911
260226
691793
325043
395052
487689
767765
933040
539866
537142
634838
960480
797882
835774
287228
385870
828309
597545
437461
728220
824231
356079
614360
992972
188177
444037
109545
144861
933685
525495
948742
302441
107006
836633
841252
163438
992428
150155
610626
983295
991719
283410
659603
641764
310297
567807
989252
674085
941500
680562
298165
166405
210187
180321
743176
937537
252741
560674
315187
417920
806984
462967
613399
940040
863322
695221
314457
640577
259288
401920
102437
234336
102649
373710
455740
329777
252793
910914
511603
164150
255343
588779
199003
333004
877416
693566
944505
436677
105061
616397
901633
181758
897440
814747
931855
514370
238429
931312
757431
830718
554006
662491
645487
224468
439560
720197
436139
589752
813644
424777
257359
642768
773420
548092
331053
536975
854077
422304
580296
884307
712950
827471
577072
344635
932407
349448
655304
234809
209939
982533
637889
480920
741251
637753
573876
120751
836143
693634
876927
174979
685889
271452
107530
309077
651371
593560
796130
471957
699645
212251
491433
481064
562476
430456
606343
238638
746250
734387
183283
552165
241564
315490
410851
123159
571874
267995
591272
150537
671237
953196
453672
123118
343409
966924
944874
991355
197990
853737
846405
286760
449249
527127
562804
379511
231528
338404
257001
840030
577226
320926
536534
548152
528850
651986
952653
237411
830941
586425
112587
592560
899797
798823
810568
424132
837760
249454
922909
714252
447923
183175
129117
355936
291145
292907
414013
838009
728249
302450
575486
257910
618005
347890
288765
285510
946923
347021
172689
487593
245950
604898
396253
803607
334982
268814
837910
449372
691724
669920
995571
642772
175284
371621
506900
598872
819867
821934
765839
588205
587933
516529
747714
301956
400603
755505
310872
946106
401279
260492
156029
696319
376435
472921
953782
482356
257667
169659
253426
288967
978092
879719
899047
132030
171519
549906
573716
308298
997101
447178
211305
404049
183934
507736
747506
265046
143774
817328
346232
983831
413785
947606
860363
929521
314150
572720
531549
827520
745048
816158
699651
942903
486823
603120
736774
323689
248240
170117
271373
570928
329662
332287
850856
442437
785070
113737
577247
620902
126447
811399
628437
653867
947561
918407
249698
363753
862046
888645
747672
426267
743295
651219
509387
942634
884805
793781
479220
296652
233185
706201
662511
794419
411624
659410
948931
107297
274598
232313
401222
782952
548857
917999
503453
425245
146563
797393
726845
170072
969183
393261
450588
463354
558705
704270
614879
582635
207119
841471
762023
394992
819169
142091
442968
208552
636102
490846
177903
756752
433673
367627
795733
410548
741480
408481
106973
795847
294432
218276
993748
861125
197108
231056
380326
475713
455350
884391
149099
658470
830317
175639
600394
712627
489985
943581
205241
705165
187841
232369
734256
767826
449136
990393
473784
689687
406470
555871
143610
796801
451842
774276
611107
403607
979929
122661
230384
574342
468402
432636
111846
662734
210550
566444
262792
454026
978672
815383
302847
600488
641246
673383
731716
818203
192814
636690
367803
223074
792888
680772
466021
533195
830098
992839
643538
549493
969684
251932
780536
614574
972538
544199
671664
891180
694927
181379
400586
467287
224778
771645
446247
380810
601507
735048
382661
309196
431368
772633
993199
437453
280901
201192
917120
487627
839580
177433
736755
854671
507411
649626
865045
719088
980105
238686
730929
498614
121299
324562
467575
985535
461826
286969
456873
328082
889684
520104
577547
239058
371381
209913
812154
336793
516547
185284
386096
472810
911785
975740
680441
138297
274497
853347
530790
906491
822249
719222
288782
630232
667600
198050
191896
246528
628845
815714
241817
630552
141418
787381
742609
735104
873016
508254
326575
230404
569491
496833
416515
752634
337868
373132
306617
747704
251203
636205
159609
189920
773686
902398
951672
731341
964559
575453
284868
671766
796231
950075
618484
251736
637219
678641
840375
536515
739120
723840
588493
676238
286163
537521
685126
654878
222205
753165
141990
408152
627301
198142
429104
296621
432685
334181
741656
373958
536404
149456
862233
211047
616228
543269
308136
493571
743984
433786
829929
305253
405942
532258
916622
833588
803259
918167
553548
676469
142460
833260
461347
499302
667162
275462
560706
381980
813386
598813
943666
309675
762611
320517
565308
703401
724435
554950
888774
780068
902729
813550
758583
753654
928919
190254
985634
629245
344128
891471
421024
293908
477300
952301
802609
617052
836756
163410
796073
274958
844214
592790
635211
385787
246377
588251
989485
856440
275583
127619
795471
157345
107967
807638
313956
145259
103317
104166
537045
740567
423460
892225
714820
242248
298958
483045
704896
229878
424238
680051
835530
951493
288921
285444
760012
874956
771774
431639
561501
222251
175081
323009
942051
831649
201175
161913
376033
290717
193321
591037
982671
880278
940359
470627
231114
920746
662091
562262
547314
658089
673348
470131
381716
790695
760449
209025
578979
678954
705731
731576
240516
246112
181454
507460
766162
504578
307131
724648
298195
993671
863774
561266
410288
899773
208557
444861
345683
165651
557461
595995
803127
405099
819558
107518
276333
737705
487116
154850
357527
741258
689969
471766
936679
382204
600968
915759
832613
441283
779124
255408
619010
159378
197408
731083
235992
746503
100041
202997
211999
847994
967608
641235
472178
143923
288320
370581
616801
624299
424952
948629
991479
309216
815512
746852
233921
436013
782898
657360
769332
117179
890211
720519
209952
871110
761288
578564
729453
353926
799988
964665
312097
269351
842825
348195
978792
853755
323722
435586
215864
396272
239997
773936
758111
938806
223835
939547
609993
318206
866092
103596
946962
866583
973111
856874
380363
489794
991980
757078
890248
114245
375970
237447
213026
788324
203431
204872
496035
475720
226343
947428
239323
660724
454852
109281
232983
379747
487199
320751
118384
399838
390367
989489
814243
276095
457495
967500
920381
966069
460421
848387
568093
372013
271823
173214
741485
643978
528538
541556
948576
447892
370877
327505
718001
212765
174126
710190
213930
346449
910692
662464
403269
896583
410056
536404
578329
130832
824480
820279
139060
314430
550070
576456
490648
543394
177451
750399
999876
412850
968733
899058
252673
695378
347418
734153
729263
502917
654954
145306
139868
575371
260552
783112
544446
146068
846232
553874
686006
889798
592390
401095
905552
339853
407270
517705
277962
331743
892502
813018
524528
808538
490704
378999
767075
566318
251633
918992
314909
769235
802155
435928
123981
380317
375511
340001
199221
855974
101426
218240
159267
629140
995766
448251
557483
457508
971894
443952
160480
890864
159037
627179
400109
768271
445725
949862
731780
914748
617093
856103
316650
350550
150500
475655
139794
928297
231632
530158
318940
243280
339416
677961
950446
165891
903584
171152
379780
466333
262287
722226
119660
883410
507430
845743
455979
800225
935750
255507
253372
357707
329861
661231
538753
510530
300387
915868
566428
965885
554394
729707
109708
609106
354961
742484
771448
749283
687079
178435
889152
599174
325986
803350
755657
988769
570870
770618
103099
812085
676570
120316
956893
103128
584904
243071
953711
791083
424377
540426
779622
640117
103512
447087
616160
498125
260890
776956
182584
229555
697929
676511
323365
834501
760475
940694
517608
586373
540219
107785
610172
828493
341631
834500
974090
124872
362908
652937
261175
468421
276358
459792
441377
676028
459253
370040
960882
719143
612668
101576
583899
417812
997434
321075
717112
141771
604676
650263
267057
440696
704328
358430
141463
975648
447263
339859
894951
866235
153047
577134
716095
865752
535716
587546
684213
950266
253554
949170
750558
505105
506488
723833
294124
587838
248349
371678
683540
518276
867026
285077
744532
434589
275192
431684
853156
890167
757763
529062
170350
708445
521433
214095
933019
606446
920918
459072
403882
294033
958790
391446
131552
185873
834860
946208
499362
524422
119737
710047
861101
556496
967256
280583
626010
315425
452496
420310
668861
175343
942701
807965
975275
455941
624617
582692
856854
520710
748099
957721
781811
101355
978945
766198
727598
271327
790733
394597
657600
763443
736289
226854
396625
739270
943876
770982
831869
657437
501183
409735
467241
579515
872642
495947
826741
344260
826810
981911
415834
851127
912812
645179
597141
859560
665009
806751
498695
111726
268395
368280
331170
172516
652600
116813
383532
510913
913676
596440
835403
106315
221947
698554
972160
664242
545726
475884
177102
311902
285829
143352
749171
681132
658400
371871
694044
913076
598271
253668
337098
107078
146757
548327
642194
463369
824394
884913
583497
224100
667853
427461
802932
741304
436539
282848
396664
836793
557754
993222
244375
229259
844264
846566
394966
684961
367686
293950
783411
506983
589808
800881
753740
549210
662706
709740
842744
687962
288225
807548
841833
211390
259330
760574
554265
863633
347399
854160
558069
815008
450214
384873
197445
678529
428576
784394
326747
399146
875775
399005
268501
804989
197925
648768
770610
231648
603504
787304
694725
754440
493591
200906
212048
616993
880558
945980
879459
292644
114640
310167
591415
970233
661846
459376
888911
259211
201061
692115
127874
121757
332524
398467
260919
366417
523833
922709
466221
686554
119702
849060
175617
897656
895309
821524
157079
834514
142413
297910
737590
187050
864679
829765
482052
680608
576450
905622
714177
762883
641348
839408
890863
712809
961879
117613
207295
151034
919681
233998
906068
164327
551732
982100
638225
373846
400366
597156
292912
567821
441363
787570
458093
455904
256966
662016
522257
464612
312071
404816
617853
765877
662465
823835
582103
438767
368433
428008
724144
290253
592342
750417
120654
491485
200426
685918
231780
238558
453827
516918
112721
413874
372271
316836
333465
158144
259702
193228
158153
617464
270587
987161
984668
483557
924217
178531
483424
898318
937762
700373
590583
128142
970893
124745
680512
460010
917928
316856
466265
509373
535046
423485
155972
576497
792993
294505
115623
565203
586404
418495
703472
397544
299687
885367
830813
182036
163711
971888
287126
720163
922906
908118
593924
320366
610352
301648
226430
994608
191983
289080
787460
366530
705865
150280
241728
517366
617534
528086
239851
815115
461022
241548
299653
874058
324553
398652
211741
427538
387411
741184
340228
754779
643259
943164
630825
997648
103547
600789
248083
885772
182225
169077
785917
797436
510289
334721
871643
785149
235005
516259
981808
594412
933602
165998
824838
780127
372835
752182
102430
789990
987046
493706
255551
771234
457369
485687
325672
365052
774719
803675
554788
640591
247730
585700
412496
712198
519203
990116
626146
862535
674171
968500
784782
150091
127990
860876
981545
262304
162081
854577
750547
821671
729094
349989
376063
668498
407021
972077
949085
350855
699191
721138
893792
767607
422152
493140
798035
206755
476629
835597
111998
934197
735396
248270
641552
692478
703921
214895
248683
332606
412884
690384
748233
234792
511540
512575
708051
297761
854995
283596
316504
206395
454698
210770
250958
404012
608932
192246
456953
485731
124207
732432
394264
111739
743692
533057
683371
379910
204710
888828
916067
158143
928827
198260
713889
603152
726564
373171
214598
364120
454833
469781
904487
882198
657835
382681
664815
219669
627915
658566
145349
887901
866014
273642
301807
958845
724587
566102
412399
497434
227440
322001
148269
683223
738415
300342
319707
730214
436688
485887
760899
190233
594983
199855
456150
581032
208615
239897
730984
567555
577808
847327
369969
671616
310057
229978
338871
544045
647891
979984
628381
584485
687176
428915
392691
417145
663225
214655
182791
205817
858965
625211
147222
999118
794819
256099
929906
688615
684543
444448
795170
331766
613912
686740
594096
542734
636286
365107
856862
936317
829935
870137
840111
211924
655605
263454
265070
635387
731147
685828
779893
957531
185909
300014
753837
687812
749208
191111
713428
236047
861309
426621
880334
372703
198551
814471
941940
854377
144296
171541
697132
450785
378527
966131
744819
165331
318844
383584
410459
660808
902890
260964
810647
889339
461863
935308
559147
369986
475223
889653
694103
639528
135914
299657
911335
228844
171182
911878
498720
147701
153515
434097
915315
968884
280978
379718
356600
422626
606327
728611
498840
435702
132668
794141
641609
865412
701382
146529
589234
516607
499831
115365
729992
707387
425842
911799
859296
395625
492963
745736
231529
743843
403781
118906
270807
650662
596994
789873
105332
550833
502785
781594
367811
701611
180975
282255
876710
113067
193218
899078
474507
603167
407786
842157
151989
314685
670219
512013
503582
676066
405599
836253
667325
301754
784601
394813
554932
680338
340008
681701
292519
639155
579642
837854
835190
925131
630736
999752
568446
705405
785847
157984
420783
895711
522831
956759
445189
269677
865144
806483
782941
278712
949000
925943
504598
848921
615369
392703
144062
294630
820188
796873
345307
763887
495374
655771
757672
669099
662580
926339
445079
973070
107074
775705
851652
517714
846557
470945
906058
299544
496879
788914
495076
970257
676640
849234
675557
592109
614086
197641
501552
784343
131095
711502
712889
430629
545740
442132
472280
673519
358886
536235
380923
615609
428782
236357
786241
809890
318034
397730
995657
524778
983206
873990
777054
720849
117068
294185
979397
527684
922154
703195
207030
805038
248319
819235
581467
506912
331915
887392
245902
462821
151948
256881
111776
854162
716513
374904
143725
551547
991032
658980
819671
996212
920032
165123
174523
318591
298089
397501
182967
826800
277192
913943
481952
985666
987526
124338
239522
110004
816562
975824
851911
304478
632127
654060
844294
980266
466118
225111
268029
391195
683814
317408
485067
220519
408567
240206
909604
220271
951887
578519
412252
512989
477052
621079
670840
598024
991769
381110
737181
300240
301399
777414
481270
666622
427005
299977
415088
974269
455849
192293
846862
646453
299731
162446
516651
218069
569730
394983
993931
949761
307815
315193
258591
718432
743638
254456
641006
266824
447849
467880
504001
781800
459883
309929
696663
664062
936312
659829
524882
110361
288153
643817
696757
704400
612513
657181
850959
265792
186586
242977
647486
390644
154118
557697
630279
262467
758930
526509
989330
792773
657895
524812
106038
226025
415514
308957
894555
589378
227712
282352
124170
793103
263193
899438
463419
960551
335747
119292
683221
673194
103317
583241
371447
550744
872349
443840
204749
863153
838109
370592
558274
143689
719974
434607
385288
388935
204257
638032
603196
166880
101814
337555
933314
637547
612844
662964
274820
849216
210556
673886
467400
495622
941193
842447
811592
252551
170195
284345
716803
775982
225887
839581
858294
941546
939746
489268
303314
793176
648699
884128
111078
204807
166661
378664
116768
585745
626478
752938
481887
147151
204748
732176
911156
683816
991519
625740
327485
536013
790544
168339
110455
218354
534573
180598
887429
258816
653216
619933
325690
929657
345480
700783
964891
117620
585682
298833
370402
273940
770343
648008
922764
839172
850852
113467
645992
605982
364740
663621
760986
764790
310487
956313
240954
874139
315547
734119
395841
421386
786799
798959
132908
326962
697363
761743
121637
149798
759995
551498
990887
349595
690600
915537
783042
138435
419627
824616
974088
665242
136012
229235
602504
656945
381866
138433
880382
985499
390322
451598
269601
962629
952388
943299
234049
769669
331108
535687
167043
809578
137799
651876
281983
620043
414606
300262
978645
123420
920838
877489
476751
822540
677852
554873
661430
650720
886606
899250
631722
338106
936789
598357
177515
257509
422493
380206
569292
355263
195412
176645
886107
384973
401358
304836
679596
496343
952773
613283
403207
285826
735305
520069
843921
263254
802397
837717
937488
400503
521134
202494
673778
618620
802591
533036
332972
476874
383044
960071
292060
101602
230284
540138
980763
522905
179734
910863
888107
707441
217239
760670
233274
355240
560174
543907
374660
965498
877974
608489
668838
917471
911127
446056
466233
427641
275031
362842
838409
244369
214413
337536
148142
889327
691950
692190
109723
327012
748027
162890
333389
572172
439705
896521
209812
770373
427076
260925
319717
270403
300206
753055
791757
893388
863756
189389
429042
997700
608702
260587
949284
806544
817469
671912
310976
560500
407648
794335
510733
533699
797588
635657
518135
437800
791634
865372
894124
738498
997122
131930
958362
642933
640973
151736
404298
387461
723085
272365
149317
842357
373812
213770
643370
379254
982476
875023
193361
640300
661842
898477
973685
501127
250535
917775
257106
164597
856636
106463
245229
268526
833112
802215
442319
528998
192390
399375
384187
995752
310453
287586
111071
781741
692386
855984
212987
257564
708404
568505
775139
502961
727027
657477
875577
439471
822203
248291
729165
297799
536104
908000
365074
427765
321722
485407
589288
498818
847653
506118
823114
207712
842048
865773
951719
529555
168323
654848
768457
829546
600358
280216
555221
793196
614230
786916
804903
763770
427770
132620
870232
359631
448852
174768
857774
782072
433790
470400
482062
496112
478356
579153
567637
799254
847875
381653
678186
814454
484795
197167
301360
678704
727311
716427
583325
394210
409537
453554
642953
604040
221311
430797
456548
175677
213801
927527
517122
304158
667353
985858
736446
345834
226355
588947
348356
654507
795790
268806
775539
364557
739088
837107
664583
969186
955841
563532
988305
902386
461819
698870
397441
775005
959986
669726
139864
853500
786210
562650
593270
979472
709411
957828
630691
314060
650202
878865
471256
737810
875630
395712
876854
794267
943485
616562
116555
695963
968442
354095
199384
144776
766488
905631
341341
766981
505984
454328
186167
766346
417802
830224
370702
459717
200722
122205
849136
905346
551576
708713
304126
567923
673023
150370
934722
842014
609189
725013
316565
130166
698885
582628
822175
748347
438742
914268
388954
964749
194865
640650
498220
454369
195584
962013
350261
120551
886851
416112
534657
267375
741791
276439
384004
848800
488925
976071
572300
593846
310448
967716
803450
235581
167583
240166
544359
963779
896744
523088
575820
989402
275212
141868
297541
741422
230222
359984
505688
478651
885147
660792
104666
310040
471773
320404
344097
270362
197635
116888
911119
439316
572766
954804
567699
785373
166862
890479
290614
216480
477182
441012
932881
741075
432942
881443
265014
345120
207527
276300
940203
760271
945429
699767
495224
266283
477521
535407
473995
416637
233438
290258
919340
193948
476782
263217
580714
964024
983110
580662
643057
261502
990123
745584
533716
126712
590380
309668
662875
716540
574571
724777
470686
670367
546480
558782
162208
917017
411506
895205
624618
581190
418973
530117
205960
987958
576014
896986
507737
497279
601859
109646
760792
749812
547573
883827
366140
901477
183541
497021
750431
667930
207737
944258
724306
732134
249471
299006
323476
425056
991549
362738
832693
540684
319519
423649
262283
942505
291706
230654
442373
676854
340074
977084
639198
465859
263810
972532
693237
880630
785315
172811
917263
761101
507911
463404
414242
820682
512044
349125
940278
919715
726461
796842
253098
769686
104192
859613
656816
814465
895149
856046
257595
554393
815339
753686
564539
937851
991880
285310
451450
208674
118687
617972
222711
200749
831075
956825
692695
678512
443817
808913
171186
171078
945928
183252
785162
153652
407939
279076
121020
394832
227734
759867
710763
426201
628821
927817
318765
196267
623722
351496
864773
384800
824035
177771
918869
665831
106938
673344
600856
196342
786398
410202
347392
941696
260618
178659
438897
482328
201686
679894
297557
604671
416144
488732
420095
829261
917642
903796
838336
237617
504089
736299
421357
299339
172593
289266
950915
745956
935513
827314
957558
218992
488625
870623
965635
163164
579548
773164
520664
685112
590385
880789
743054
584545
189410
811557
481792
957248
702268
451305
303039
308762
389095
147341
744116
689418
159867
224631
760226
450797
591729
408135
762467
803945
466349
516168
328587
261051
905234
397877
534696
568614
721299
477411
378563
215100
646892
856798
968418
836131
843571
412642
431301
558858
134600
517513
445213
959891
569344
523359
634275
737610
433221
503058
240311
753380
923832
959788
908370
347545
799956
265046
396085
682374
697551
842425
935505
537119
998598
916869
249679
991932
825583
449861
526836
857144
686951
899230
923012
539907
214442
248804
749287
938272
739600
656780
272472
867984
897742
707423
384603
690704
716735
130371
983831
124857
875484
728537
941907
789104
519207
467589
940576
871948
548898
383261
953979
225375
558957
971462
620830
790688
731872
367434
987306
316095
528587
142010
614966
775683
938951
750693
279025
747833
227916
632454
799236
728015
103424
510408
696714
534565
116669
707145
500996
303240
991503
373901
719464
892477
712679
658570
437301
640094
273375
362796
233372
502421
223181
305943
113629
380097
519237
827478
268493
671343
537726
546639
708840
587764
897335
545296
979719
432867
633355
928352
499201
977437
906936
220645
717229
276614
735253
313889
486382
753478
628780
445832
835774
364228
382354
541504
839717
744507
352632
542831
319369
565306
412341
218380
532700
366106
333733
628654
489931
322612
931105
870148
419547
566750
817648
890862
514575
934908
249167
722070
581630
461000
843795
121705
394738
836602
411099
824942
919076
268836
170252
509965
875044
785936
577754
972448
429220
944118
519522
315906
347463
449288
506353
398778
214066
945083
656190
211268
276455
255930
634197
318440
749266
600939
358364
402420
127520
977349
619081
624408
544619
256108
883489
167185
874293
263821
706846
878844
971785
167897
638260
671860
926735
384467
673496
223948
569694
908660
518680
826602
792727
477559
713480
718112
329900
842041
926555
886698
342798
771270
843670
959565
108288
325028
113082
594074
206973
630123
503431
197551
417714
151779
897605
109994
140977
220803
728221
907423
123102
552306
520830
182305
541207
825704
269676
966321
607418
773525
742711
941117
186766
822835
183791
483218
976544
273279
291788
787587
241137
627262
296841
795696
358195
891789
656321
416779
178876
862112
316888
292833
127156
532106
666978
874329
809084
861170
480000
880649
818124
599115
359934
844167
604511
452490
109075
520521
754799
463245
379867
999935
177560
509507
372157
527729
167035
499568
404974
858232
367626
108150
964647
723044
798674
110586
328062
444873
462925
443320
615796
913639
629447
496715
119083
234334
483178
114941
507019
147108
232498
628006
844487
318424
577520
760067
578706
283661
956293
970744
587501
555409
824464
692958
722249
108773
841128
115511
466448
140171
745690
448429
355297
513998
550757
632223
599749
659421
809823
102827
614659
578866
510716
523201
580899
400840
414327
416161
115266
833594
756038
584747
487941
772721
363447
182509
427747
793931
464903
575128
970007
144883
322510
329453
950990
978038
971287
674256
435447
100759
632943
348264
241244
550268
652429
925602
157749
551442
524309
653773
198482
142717
158322
188559
416879
804569
572400
849270
266811
754514
226065
130063
741681
650982
361514
153804
482785
447757
845049
709091
396539
414245
701543
142870
534629
135718
818241
431560
642210
280018
900890
223560
904613
627967
894771
365959
915516
446718
856610
222273
150562
464574
849799
107872
270981
773117
722102
883913
871628
120883
752764
493083
902786
754892
907826
996176
259113
539911
867870
162141
983028
785336
725817
321616
636113
588277
945434
796406
722800
724158
225507
336167
965436
108725
976012
953856
547740
603990
801238
549318
815329
283404
287991
809466
722648
841057
248495
443952
291696
961038
514767
126443
552562
212081
897861
214573
584034
645184
855860
340878
816492
292269
127451
535926
919285
663331
949619
373859
242951
343221
112121
788268
378442
487142
939185
568845
593236
338064
918863
813593
647700
222051
677744
309483
895514
573059
531430
843976
798597
800076
953846
247934
885517
997660
369282
382278
709721
664546
307308
303976
925061
455954
270234
583072
769529
929815
152464
844434
576017
291121
598874
744198
889766
135734
228007
341238
265968
968942
690148
578195
826110
774548
450956
290487
286287
537192
261406
214741
750856
584276
183883
340112
125079
881440
702563
880699
601414
544250
267437
482216
423322
504169
905675
828637
279576
666404
337898
425923
374364
679829
970265
780687
384959
503818
492592
898322
916179
627917
680569
285816
264988
471759
510380
932326
559371
340039
804324
347912
229811
496136
284986
475227
644103
735124
717824
529873
519705
823364
408694
437056
985047
153752
175480
471680
471357
363188
166843
171707
596225
893508
678326
316964
161806
156690
716848
948784
800459
619693
938162
988039
310973
443258
769123
206862
859854
363375
473479
817290
720162
775087
825969
343587
389812
423411
904739
926516
337729
461200
214611
572334
273672
896864
136555
565208
546385
161564
591111
299164
426166
362344
846489
647094
215697
951909
580301
220127
118699
664639
578139
634865
960767
882896
457235
250925
114673
991182
185578
722223
862241
160572
669646
146421
912618
515280
896369
986533
687857
603262
163904
814191
452810
763189
348243
139698
458852
123087
720875
967503
453512
998304
287180
457950
885040
182340
842857
381957
182755
498378
585936
330933
182991
740957
478171
709844
205496
307516
615345
497177
957725
539048
861589
519387
674394
946209
252764
315207
745257
459121
192586
451473
200179
747265
303744
917987
693385
293747
484403
984083
891947
489555
966802
128245
372177
580419
965380
686266
378765
502172
899186
832942
782707
261289
220525
637444
966774
806521
799226
390321
980568
825315
639560
873647
934440
812283
309450
455743
261515
526790
351031
736112
286998
113587
446654
480889
420263
389105
251364
947012
886177
327454
907766
759028
957859
642368
700017
839351
555684
643567
730483
546130
923197
439637
371936
485090
817753
880198
306860
155105
351814
490266
170743
752937
626978
364853
919735
273317
846029
105240
396394
701417
926684
731501
577663
160449
662734
799986
591110
963538
137222
480639
800095
420644
928124
864787
380421
240839
639122
745695
295341
920608
425154
929079
535139
907148
583613
689860
290002
287191
780941
688939
950624
413404
117116
922122
402686
512971
964128
904644
164851
444983
904879
176413
789325
167795
997870
968316
157652
407162
742900
160847
884251
107137
399018
704983
119211
467349
478734
163607
506735
343388
343385
366220
188715
690377
126762
211375
286656
701464
596957
621769
407538
987124
162156
143242
713150
202382
469729
644700
129034
468471
747741
886513
261154
220807
914634
205675
467737
722256
855318
337567
969815
104455
163568
366455
218717
611876
339178
378554
206983
364084
521460
185007
330555
526251
441886
755391
511906
899063
901299
878297
353098
343685
113202
561245
727651
136412
220717
678145
997984
492942
484665
262600
144861
502253
596448
721232
737671
776174
862764
951677
526848
781452
434004
662463
361940
945580
668647
994145
939302
783357
708649
686171
481839
599870
745702
138357
693238
303062
917706
528171
725241
173690
771234
710309
974516
791163
768155
338676
120830
150980
474675
729570
830633
447616
473684
388524
284445
640902
206733
898294
972865
848536
901469
316623
424143
412145
459159
746482
844028
950319
123662
528207
270340
634600
236489
948074
855010
590236
157100
952513
545352
160091
773524
543766
209254
446439
885353
921568
213944
734731
482525
879721
709268
881222
464457
155822
906314
826652
756807
517492
634228
986122
543183
374359
328494
321722
868867
928904
366722
694675
261165
204118
344844
130518
687239
513104
730018
586691
736980
204746
320100
262953
979106
248100
623520
282995
421418
294793
804892
248061
553974
237271
334258
125250
175646
312254
434616
411919
140547
944104
381350
626722
316954
751424
301663
668332
764411
216122
495190
820571
285729
835850
506125
451102
771062
924842
363089
859068
710552
736646
198311
613807
312872
155978
202502
909604
726401
534854
807762
514946
357883
720585
989883
366984
722056
310171
661392
153233
534152
991215
566028
773190
527872
197399
375725
518019
231656
287304
384339
331218
342786
195267
187583
950336
675396
758662
285565
625761
298672
995613
113142
982847
953767
640388
284413
560192
442923
582317
254445
361033
549800
804624
554616
515274
935004
400250
272922
113163
204548
690626
618760
541387
503506
188214
516488
508618
864846
131004
283012
427902
735332
456643
114507
172059
992881
155134
798616
149477
840335
405012
373884
465638
421597
607857
896346
573583
411491
258198
266301
483617
658305
472020
522689
445374
654886
118399
910702
795577
398142
220929
904546
671571
541542
500565
770967
548025
258980
715877
668815
314529
864785
444437
352607
869409
840987
177737
997940
555426
325928
159819
461060
162933
778159
659439
770890
254481
942011
433749
977552
235382
130074
488298
414523
718924
463697
903888
994634
119003
958678
433659
228338
829489
170938
577488
594539
334375
783166
890822
926294
915072
685492
703299
897603
824222
133406
512961
562399
425443
902031
267671
868506
676004
371002
337466
635028
754240
379266
713171
655183
551064
791097
877760
782951
400222
505773
571570
264723
937967
265836
787104
807899
494506
497703
615973
359925
318904
868371
303017
594578
369750
403825
668347
540324
644079
846250
445754
751019
880382
796953
492212
541769
147000
662236
585135
608888
152873
875456
930907
951453
850745
748221
747866
301989
169578
596020
558710
735891
311925
870300
997701
713480
807293
842818
140490
213796
382142
498159
363550
741922
620386
148380
867764
742757
369476
443488
130636
518546
690453
517294
575259
542208
777168
611772
548924
331253
340376
508142
938688
569564
525893
942425
455856
611293
597368
988358
251019
442371
583600
767724
153923
691547
988218
974800
586979
333407
568211
373174
535020
874035
931803
920867
208445
651394
793607
543825
420500
999674
347440
108079
749351
355325
318126
367164
520869
570943
123636
951368
995721
121651
811007
434275
452197
278414
181049
778205
883430
333086
744920
426526
792132
742671
239114
828118
411675
919721
589532
491918
822138
243446
176967
780907
691421
738920
171551
844063
946244
393043
559042
950742
641256
952462
615768
949100
107149
185176
739258
523173
493637
341107
242139
887638
736079
586755
208367
644487
511721
398669
466565
984697
653790
885490
594513
698016
541286
824701
948375
763597
351695
992092
145833
111098
860523
460650
546222
886851
807633
533908
923496
178572
868120
377011
350886
977471
497875
947139
406548
822135
289508
976445
568363
588634
397003
598756
482363
329768
674022
489643
791842
940629
563032
711380
924264
986952
683253
976965
977229
188288
527058
266182
437315
390946
818879
613170
636307
127038
466100
987479
454504
911984
706337
164790
142849
134000
664342
432980
923040
140882
764189
449300
210690
880110
848965
239512
731752
211884
412143
563859
176903
997544
714143
206048
463255
283464
359313
883909
606900
736147
573988
555692
309084
795022
407215
530409
588922
352111
166517
603086
169043
584360
778292
463255
689425
481560
446239
967883
689563
494033
345607
109167
214083
931385
914923
939819
810728
832721
520675
136330
341917
931714
792971
742184
540897
309328
128313
156650
474829
292064
999827
104591
357550
788629
171812
268386
788685
435995
679974
162054
891293
953075
860741
309530
491933
592809
949694
656704
572872
834893
293486
488398
875371
348847
618972
790560
560842
350643
683226
676784
734181
369853
716817
273124
291438
770919
980052
496616
924790
221522
912655
137751
238536
952075
539064
467859
996120
474900
941816
221306
668125
766434
746120
392937
683345
698582
586774
644135
742796
890500
954301
232969
703802
681177
212482
103396
407681
659087
690664
575398
968209
834754
709654
218275
448081
260980
433347
749702
765443
165853
559789
357986
666215
907858
797663
777260
481451
827656
147411
316607
697386
642427
932859
152182
774998
679736
321284
376480
253390
820934
614979
842451
414661
454916
668573
511084
428556
574959
536318
666202
362198
971738
594318
979946
699651
826066
482426
232660
826232
877047
394262
890659
836155
479761
939198
100067
503138
173255
451211
980220
667090
177894
742278
213364
146373
320209
464197
393364
740040
901740
951602
389318
597799
162996
656707
311485
863092
848293
992961
227645
655567
151476
898870
791587
512806
130004
183367
864213
666614
112571
945191
113697
281560
336692
636766
350369
322794
479715
929147
155156
413489
608059
508718
717167
578560
348123
566146
968291
114821
599687
651137
550260
907082
699546
281622
397268
801311
634857
481329
779897
925601
205327
892761
573855
522321
757177
729529
937993
472983
981539
655230
792856
802548
727669
396187
951634
509555
784418
130846
634406
837920
561705
882863
543947
385102
541929
244516
991274
646080
959135
721815
619633
407058
558917
419212
337399
907238
350493
638129
549438
321293
791120
691344
993147
545001
793226
646067
246716
636022
697902
161825
600838
571741
276715
996149
310960
129253
392388
876185
790235
785450
102404
134318
944293
797380
869421
477889
329821
954344
986795
184165
578022
304698
119442
450598
288119
391689
645993
706137
642627
832519
397911
534090
130328
233500
817229
854521
669609
634255
122725
306598
266543
634971
541950
275816
169494
864885
243594
839041
346996
209867
563049
654045
404677
984105
328636
999065
725942
746226
425331
954737
765589
182451
171208
869700
669776
655370
469729
271805
114769
587918
477002
220105
928952
706336
315830
409956
506253
433844
770981
157739
777896
341526
997302
815583
408729
881208
259284
595254
963736
640385
752495
730427
127539
713486
767537
440714
574826
220349
271149
651464
998813
814520
853636
200838
589760
159815
237016
101531
183503
425536
934715
555281
238545
460671
562574
391541
271080
178805
859254
939174
405340
770026
825853
841686
342028
508552
374737
242446
421592
574341
804759
790281
298400
844272
772204
276905
881528
683479
666261
277594
958874
811792
573783
557492
236618
357356
463423
143686
704688
136231
470292
409292
474228
606534
584976
806787
357246
594527
669691
596144
239447
752708
308554
828757
679466
583161
296853
175328
733725
449162
623362
314520
350185
770931
566905
846740
436747
664635
573565
437963
269352
691773
421726
287978
430507
722419
160528
725638
861737
393902
618730
718657
944497
124171
809926
960674
727687
523263
282074
112535
872791
723510
872941
518330
679539
508872
654196
463452
449032
446072
730998
228345
280311
876436
458519
267153
766449
274628
847765
577328
527294
257822
990876
275059
570684
461232
983004
326986
686931
808023
319945
392288
212191
460503
237147
949201
254602
447888
562948
171996
225646
521632
720393
897662
387529
225634
258293
835037
507853
874035
539233
485539
566858
578735
800521
163710
683394
325332
720607
340063
315462
705387
617492
964431
181417
578516
491425
398258
209328
537140
134850
565832
999170
690587
720407
476436
133892
537289
428951
880296
594249
317224
293776
147968
659223
854087
172656
821861
920440
768230
798331
596761
894966
597733
851196
215289
846240
430956
271974
964217
668058
678990
523514
557142
804382
297720
924866
783347
699248
913642
944446
885811
798254
846737
321975
863865
927746
801283
229064
424550
350927
115317
937737
154469
817410
291907
164626
581720
392987
715677
282298
301773
959198
685803
639487
828561
447687
100868
152101
772647
173630
837418
741087
141882
907537
206726
271552
859290
570302
684531
271451
323713
422127
248247
596666
998177
408837
619703
466446
243024
357064
611738
116988
628093
811716
847680
217683
429506
683451
695582
384228
633139
182192
893507
913468
489932
828836
669338
547953
530700
166687
646576
911760
298270
315044
328748
321560
789807
556245
196837
303135
876725
788275
325038
196362
139290
173625
393221
919681
274847
973039
548793
985252
569657
528964
874086
909283
518638
527064
107192
139170
259187
989337
977057
968562
767749
738622
547095
892601
303280
670013
294260
999234
736804
952197
266822
812353
723897
682712
573208
680743
266931
898554
817961
734306
730769
611484
398793
896857
202969
183516
465600
310592
617291
360440
390348
622632
461728
194587
849342
590808
411086
528562
708269
529595
839684
541592
630444
528428
586225
552397
878121
715273
940828
938953
479578
107768
300482
953209
895390
195518
968377
299122
168775
227076
441628
127375
857637
483550
636237
205284
804020
688399
194902
166532
183154
419347
188490
202826
707995
717764
267717
767484
814426
845784
232283
996392
383934
128763
412249
960567
556829
575665
262413
817481
492709
440106
173457
512267
924214
556894
195818
498912
783693
474353
180063
425188
601012
606173
420612
159715
197940
835441
211990
980856
119097
850582
278866
269859
128217
719960
463065
602495
267374
943973
274768
642364
710290
539022
396894
742475
336797
538530
479141
445713
152968
798221
166960
942515
871943
841654
333488
669712
120862
535984
104196
627193
670933
384949
530854
294251
122979
665764
496190
412004
218737
256561
439643
768869
100132
522691
858120
728278
659175
477642
462332
785790
472558
481074
400668
762669
881537
635880
845357
487878
873251
166195
333898
280028
984742
729512
774578
604186
749438
890819
698647
473132
997054
427757
