976951
253801
614639
816821
299017
532789
487873
518863
277883
157669
732211
264643
798713
714557
797009
285557
795517
315011
180161
370547
711727
342283
448561
650669
389563
946489
986497
447683
550763
961601
827639
680587
992113
367307
228793
981707
666233
318337
814493
741121
249211
523987
780841
143909
353317
516883
868313
603901
449783
777451
749803
917767
629929
691897
290821
809401
596983
142099
257627
111217
842801
492629
325187
605617
599597
570029
651029
754921
797333
321109
886471
313517
737921
837779
475147
578917
351269
710051
431929
654593
121609
343153
230389
204151
232987
640069
938309
388777
493111
491633
377617
899831
830789
501769
209173
267389
524521
901079
823703
602377
518059
997879
858631
363551
647363
479263
427993
546643
900773
150617
732073
198613
635207
808309
678989
288647
772391
659521
292703
546691
450641
649457
634273
523007
529411
483221
646913
187897
378733
301813
462199
372371
531253
884057
468113
431107
712631
478811
339943
825883
168769
159223
143567
926633
568177
446827
105769
140533
328787
623023
664019
450029
763457
863909
168449
489409
860051
407723
961879
946081
228199
819989
665527
438527
596861
598303
394369
544919
643991
427859
368411
907891
327559
172787
319061
736937
141937
612823
778951
128761
726191
361013
489689
281381
960643
976369
384173
663997
301601
724837
889453
279143
640649
989423
756703
328619
322631
947539
881591
258443
129527
921457
160141
653593
253601
574363
129629
701383
691921
792689
510077
750803
687523
118493
775681
496339
673837
556639
584593
548707
369709
395677
307289
635441
574433
577513
927149
314117
925423
856117
289369
972941
890063
771299
825241
378229
529687
145139
115933
972637
910207
661553
276581
667963
581921
156703
502771
596143
523493
909089
105541
337361
320269
329711
898663
159191
941159
751711
285469
159839
344629
749891
995957
398581