278191
382267
353603
953131
390487
265541
947483
758237
917113
862139
242419
646039
722027
483773
310729
522989
468647
673273
633449
107071
470317
442531
512903
793487
973487
169913
503663
977567
931241
311137
693421
995551
652543
209159
868943
566633
461443
205157
251443
335221
966337
762877
745397
441557
999221
514649
406423
376657
999269
130027
594499
221729
102761
731389
890963
219097
361511
410687
986147
976009
129607
467293
598963
834299
371359
685123
898691
750653
547747
303547
611467
319547
179317
669607
937049
384547
191143
858787
166847
644999
124721
417337
469811
251263
425521
583153
876331
525541
808981
486203
144889
115859
325219
486947
281273
168067
958051
216493
573371
169553
626797
457339
716399
813121
129403
698701
722287
838927
985277
179461
688111
152039
437141
517927
990023
595963
914449
630997
402503
704617
251831
174583
286801
514621
518911
325043
824231
210187
937537
102437
511603
588779
814747
662491
720197
424777
234809
209939
183283
449249
798823
414013
587933
401279
472921
332287
947561
706201
503453
146563
433673
149099
555871
796801
403607
544199
601507
382661
993199
177433
577547
336793
680441
241817
251203
964559
678641
588493
286163
627301
676469
802609
145259
175081
323009
470627
470131
557461
936679
832613
746503
233921
436013
269351
758111
380363
203431
390367
814243
848387
372013
820279
575371
375511
557483
400109
661231
354961
103099
652937
468421
719143
447263
757763
933019
185873
119737
280583
455941
957721
790733
495947
645179
749171
684961
506983
863633
268501
804989
259211
398467
895309
864679
890863
961879
312071
372271
270587
483557
178531
239851
299653
211741
334721
871643
780127
255551
150091
376063
699191
248683
485731
158143
373171
145349
322001
647891
205817
365107
870137
635387
171541
165331
794141
231529
701611
405599
394813
956759
806483
782941
925943
848921
345307