197641
712889
786241
913943
951887
512989
299977
974269
455849
646453
299731
218069
315193
504001
459883
309929
696757
793103
335747
371447
204749
863153
842447
147151
113467
315547
121637
990887
138433
985499
384973
496343
917471
889327
896521
189389
260587
640973
898477
442319
384187
781741
212987
502961
439471
248291
168323
768457
555221
642953
221311
588947
837107
664583
955841
461819
120551
276439
963779
478651
699767
724777
497279
832693
319519
423649
118687
935513
147341
450797
836131
517513
728537
383261
747833
502421
268493
977437
717229
313889
542831
883489
263821
842041
503431
197551
140977
742711
941117
656321
527729
913639
119083
114941
140171
355297
550757
614659
772721
182509
793931
144883
652429
524309
447757
534629
773117
588277
126443
212081
663331
373859
112121
885517
214741
880699
828637
679829
680569
166843
171707
619693
769123
473479
775087
580301
862241
896369
986533
842857
478171
497177
861589
984083
782707
806521
351031
420263
886177
839351
643567
364853
701417
731501
583613
287191
688939
904879
176413
884251
107137
704983
690377
621769
220807
467737
218717
952513
160091
879721
374359
868867
294793
237271
411919
613807
357883
982847
284413
582317
361033
411491
522689
118399
715877
352607
562399
425443
267671
713171
668347
742757
525893
611293
586979
793607
108079
749351
208367
398669
824701
763597
377011
568363
706337
764189
176903
714143
736147
352111
345607
832721
834893
642427
479761
320209
464197
656707
112571
968291
205327
882863
646067
571741
832519
114769
770981
157739
767537
998813
101531
183503
683479
828757
718657
944497
124171
872791
275059
387529
539233
800521
720607
340063
720407
428951
821861
798331
964217
885811
639487
271451
628093
196837
274847
977057
767749
812353
708269
552397
938953
968377
412249
606173
835441
798221
294251
218737
256561
768869
881537
845357
873251